31, 28, 31, 30, 31, 30, 31, 31, 30, 31, 30, 31
"Mesh ", 3, Vrubh, 6, Mitun, 4, "Kark ", 2, "Simh ", 1, Kanya, 4
"Tool ", 6, Vrusk, 3, Dhanu, 5, Makar, 7, Kumbh, 7, "Meen ", 5
Pratham, Dwitiya, Trutiya, Chaturt, Pancham, Shashth
"Saptam ", "Ashtam ", "Navam  ", "Dasham ", Ekadash, Dwadash
Asw, Bha, Kru, Roh, Mru, Ard, Pun, Pus, Asl, Mag, Pfa, Ufa, Has, Chi
Swa, Vis, Anu, Jye, Mul, Psa, Usa, Sra, Dha, Sat, Pbh, Ubh, Rev
Lagn, RAVI, Chan, Mang, BUDH, GURU, Shuk, Shan, Rahu, Ketu, Hars, Nept, Plut
MOON
0, 0, 1, 0, 6288774
2, 0, -1, 0, 1274027
2, 0, 0, 0, 658314
0, 0, 2, 0, 213618
0, 1, 0, 0, -185116
0, 0, 0, 2, -114332
2, 0, -2, 0, 58793
2, -1, -1, 0, 57066
2, 0, 1, 0, 53322
2, -1, 0, 0, 45758
0, 1, -1, 0, -40923
1, 0, 0, 0, -34720
0, 1, 1, 0, -30383
2, 0, 0, -2, 15327
0, 0, 1, 2, -12528
0, 0, 1, -2, 10980
4, 0, -1, 0, 10675
0, 0, 3, 0, 10034
4, 0, -2, 0, 8548
2, 1, -1, 0, -7888
2, 1, 0, 0, -6766
1, 0, -1, 0, -5163
1, 1, 0, 0, 4987
2, -1, 1, 0, 4036
2, 0, 2, 0, 3994
4, 0, 0, 0, 3861
2, 0, -3, 0, 3665
0, 1, -2, 0, -2689
2, 0, -1, 2, -2602
2, -1, -2, 0, 2390
1, 0, 1, 0, -2348
2, -2, 0, 0, 2236
0, 1, 2, 0, -2120
0, 2, 0, 0, -2069
2, -2, -1, 0, 2048
2, 0, 1, -2, -1773
2, 0, 0, 2, -1595
4, -1, -1, 0, 1215
0, 0, 2, 2, -1110
3, 0, -1, 0, -892
2, 1, 1, 0, -810
4, -1, -2, 0, 759
0, 2, -1, 0, -713
2, 2, -1, 0, -700
2, 1, -2, 0, 691
2, -1, 0, -2, 596
4, 0, 1, 0, 549
0, 0, 4, 0, 537
4, -1, 0, 0, 520
1, 0, -2, 0, -487
2, 1, 0, -2, -399
0, 0, 2, -2, -381
1, 1, 1, 0, 351
3, 0, -2, 0, -340
4, 0, -3, 0, 330
2, -1, 2, 0, 327
0, 2, 1, 0, -323
1, 1, -1, 0, 299
2, 0, 3, 0, 294
SUN
175347046, 0, 0
3341656, 4.6692568, 6283.07585
34894, 4.6261, 12566.1517
3497, 2.7441, 5753.3849
3418, 2.8289, 3.5231
3136, 3.6277, 77713.7715
2676, 4.4181, 7860.4194
2343, 6.1352, 3930.2097
1324, 0.7425, 11506.7698
1273, 2.0371, 529.691
1199, 1.1096, 1577.3435
990, 5.233, 5884.927
902, 2.045, 26.298
857, 3.508, 398.149
780, 1.179, 5223.694
753, 2.533, 5507.553
505, 4.583, 18849.228
628331966747 , 0, 0
206059, 2.678235, 6283.07585
4303, 2.6351, 12566.1517
100013989, 0, 0
1670700, 3.0984635, 6283.07585
13956, 3.05525, 12566.1517
MARS
620347712, 0, 0
18656368, 5.050371, 3340.6124267
1108217, 5.4009984, 6681.2248534
91798, 5.75479, 10021.83728
27745, 5.9705, 3.52312
12316, 0.84956, 2810.92146
10610, 2.93959, 2281.2305
334085627474 , 0, 0
1458227, 3.6042605, 3340.6124267
164901, 3.926313, 6681.224853
19963, 4.26594, 10021.83728
3197135, 3.7683204, 3340.6124267
298033, 4.10617, 6681.224853
289105, 0, 0
31366, 4.44651, 10021.83728
153033488, 0, 0
14184953, 3.47971284, 3340.6124267
660776, 3.817834, 6681.224853
46179, 4.15595, 10021.83728
1107433, 2.0325052, 3340.6124267
103176, 2.370718, 6681.224853
12877, 0, 0
10816, 2.70888, 10021.83728
MERCURY
440250710, 0, 0, 40989415, 1.48302034, 26087.90314157
5046294, 4.4778549, 52175.8062831, 855347, 1.165203, 78263.709425
165590, 4.119692, 104351.612566, 34562, 0.77931, 130439.51571
7583, 3.7135, 156527.4188, 3560, 1.512, 1109.3786, 1803, 4.1033, 5661.332
1726, 0.3583, 182615.322, 1590, 2.9951, 25028.5212, 1365, 4.5992, 27197.2817
1017, 0.8803, 31749.2352, 714, 1.541, 24978.525, 644, 5.303, 21535.95
2608814706223 , 0, 0, 1126008, 6.2170397, 26087.9031416
303471, 3.055655, 52175.806283, 80538, 6.10455, 78263.70942
21245, 2.83532, 104351.61257, 5592, 5.8268, 130439.5157
1472, 2.5185, 156527.4188
11737529, 1.98357499, 26087.90314157, 2388077, 5.0373896, 52175.8062831
1222840, 3.1415927, 0, 543252, 1.796444, 78263.709425
129779, 4.832325, 104351.612566, 31867, 1.58088, 130439.51571
39528272, 0, 0, 7834132, 6.1923372, 26087.9031416
795526, 2.959897, 52175.806283, 121282, 6.010642, 78263.709425
21922, 2.7782, 104351.61257
217348, 4.656172, 26087.903142
44142, 1.42386, 52175.80628, 10094, 4.47466, 78263.70942
JUPITER
59954691, 0, 0, 9695899, 5.0619179, 529.6909651
573610, 1.444062, 7.113547, 306389, 5.417347, 1059.38193
97178, 4.14265, 632.78374, 72903, 3.64043, 522.57742, 64264, 3.41145, 103.09277
39806, 2.29377, 419.48464, 38858, 1.27232, 316.39187, 27965, 1.78455, 536.80451
13590, 5.77481, 1589.0729
52993480757 , 0, 0, 489741, 4.220667, 529.690965, 228919, 6.026475, 7.113547
2268616, 3.5585261, 529.6909651, 110090, 0, 0, 109972, 3.908093, 1059.38193
520887429, 0, 0, 25209327, 3.4910864, 529.69096509
610600, 3.841154, 1059.38193, 282029, 2.574199, 632.783739
187647, 2.075904, 522.577418
1271802, 2.6493751, 529.6909651
61662, 3.00076, 1059.38193, 53444, 3.89718, 522.57742, 41390, 0, 0
VENUS
317614667, 0, 0, 1353968, 5.5931332, 10213.2855462, 89892, 5.3065, 20426.57109
1021352943053 , 0, 0, 95708, 2.46424, 10213.28555, 14445, 0.51625, 20426.57109
SATURN
87401354, 0, 0, 11107660, 3.9620509, 213.29909544
1414151, 4.5858152, 7.113547, 398379, 0.52112, 206.185548
350769, 3.303299, 426.598191, 206816, 0.246584, 103.092774
79271, 3.84007, 220.41264, 23990, 4.66977, 110.20632
21354295596 , 0, 0, 1296855, 1.8282054, 213.2990954
564348, 2.885001, 7.113547, 107679, 2.277699, 206.185548
98323, 1.0807, 426.59819
4330678, 3.6028443, 213.2990954, 240348, 2.852385, 426.598191, 84746, 0, 0
34116, 0.57297, 206.18555, 30863, 3.48442, 220.41264, 14734, 2.11847, 639.89729
955758136, 0, 0, 52921382, 2.3922622, 213.29909544
1873680, 5.2354961, 206.1855484, 1464664, 1.6476305, 426.5981909
821891, 5.9352, 316.39187, 547507, 5.015326, 103.092774
371684, 2.271148, 220.412642, 361778, 3.139043, 7.113547
140618, 5.704067, 632.783739, 108975, 3.293136, 110.206321
URANUS
548129294, 0, 0, 9260408, 0.8910642, 74.7815986
1504248, 3.6271926, 1.4844727, 365982, 1.899622, 73.297126
272328, 3.358237, 149.563197, 70328, 5.39254, 63.7359
68893, 6.09292, 76.26607, 61999, 2.26952, 2.96895, 61951, 2.85099, 11.0457
7502543122 , 0, 0, 154458, 5.242017, 74.781599, 24456, 1.71256, 1.48447
1921264848, 0, 0, 88784984, 5.60377527, 74.78159857
3440836, 0.328361, 73.2971259, 2055653, 1.7829517, 149.5631971
NEPTUNE
531188633, 0, 0, 1798476, 2.9010127, 38.1330356
1019728, 0.4858092, 1.4844727, 124532, 4.830081, 36.648563
42064, 5.41055, 2.96895, 37715, 6.09222, 35.16409
33785, 1.24489, 76.26607, 16483, 0.00008, 491.55793
3088623, 1.4410437, 38.1330356, 27780, 5.91272, 76.26607
27624, 0, 0, 15448, 3.50877, 39.61751, 15355, 2.52124, 36.64856
3007013206 , 0, 0, 27062259, 1.32999459, 38.13303564
1691764, 3.2518614, 36.6485629, 807831, 5.185928, 1.484473
537761, 4.521139, 35.16409, 495726, 1.571057, 491.557929
274572, 1.845523, 175.16606, 135134, 3.372206, 39.617508
121802, 5.797544, 76.266071, 100895, 0.377027, 73.297126
PLUTO
0, 0, 1, -19798886, 19848454, -5453098, -14974876, 66867334, 68955876
0, 0, 2, 897499, -4955707, 3527363, 1672673, -11826086, -333765
0, 0, 3, 610820, 1210521, -1050939, 327763, 1593657, -1439953
0, 0, 4, -341639, -189719, 178691, -291925, -18948, 482443
0, 0, 5, 129027, -34863, 18763, 100448, -66634, -85576
0, 0, 6, -38215, 31061, -30594, -25838, 30841, -5765
0, 1, -1, 20349, -9886, 4965, 11263, -6140, 22254
0, 1, 0, -4045, -4904, 310, -132, 4434, 4443
0, 1, 1, -5885, -3238, 2036, -947, -1518, 641
0, 1, 2, -3812, 3011, -2, -674, -5, 792
1, -1, 0, 2484, -485, -177, 259, 260, -395
1, 0, -3, -964, 1059, 582, -285, -3218, 370
1, 0, -2, -2303, -1038, -298, 692, 8019, -7869
1, 0, -1, 7049, 747, 157, 201, 105, 45637
1, 0, 0, 1179, -358, 304, 825, 8623, 8444
